   0.00000000    
   9.99999978E-03
   1.99999996E-02
   2.99999993E-02
   3.99999991E-02
   5.00000007E-02
   5.99999987E-02
   7.00000003E-02
   7.99999982E-02
   9.00000036E-02
  0.100000001    
  0.109999999    
  0.119999997    
  0.129999995    
  0.140000001    
  0.150000006    
  0.159999996    
  0.170000002    
  0.180000007    
  0.189999998    
  0.200000003    
  0.209999993    
  0.219999999    
  0.230000004    
  0.239999995    
  0.250000000    
  0.259999990    
  0.270000011    
  0.280000001    
  0.289999992    
  0.300000012    
  0.310000002    
  0.319999993    
  0.330000013    
  0.340000004    
  0.349999994    
  0.360000014    
  0.370000005    
  0.379999995    
  0.389999986    
  0.400000006    
  0.409999996    
  0.419999987    
  0.430000007    
  0.439999998    
  0.449999988    
  0.460000008    
  0.469999999    
  0.479999989    
  0.490000010    
  0.500000000    
  0.509999990    
  0.519999981    
  0.529999971    
  0.540000021    
  0.550000012    
  0.560000002    
  0.569999993    
  0.579999983    
  0.589999974    
  0.600000024    
  0.610000014    
  0.620000005    
  0.629999995    
  0.639999986    
  0.649999976    
  0.660000026    
  0.670000017    
  0.680000007    
  0.689999998    
  0.699999988    
  0.709999979    
  0.720000029    
  0.730000019    
  0.740000010    
  0.750000000    
  0.759999990    
  0.769999981    
  0.779999971    
  0.790000021    
  0.800000012    
  0.810000002    
  0.819999993    
  0.829999983    
  0.839999974    
  0.850000024    
  0.860000014    
  0.870000005    
  0.879999995    
  0.889999986    
  0.899999976    
  0.910000026    
  0.920000017    
  0.930000007    
  0.939999998    
  0.949999988    
  0.959999979    
  0.970000029    
  0.980000019    
  0.990000010    
   1.00000000    
   1.00999999    
   1.01999998    
   1.02999997    
   1.03999996    
   1.04999995    
   1.05999994    
   1.07000005    
   1.08000004    
   1.09000003    
   1.10000002    
   1.11000001    
   1.12000000    
   1.13000000    
   1.13999999    
   1.14999998    
   1.15999997    
   1.16999996    
   1.17999995    
   1.19000006    
   1.20000005    
   1.21000004    
   1.22000003    
   1.23000002    
   1.24000001    
   1.25000000    
   1.25999999    
   1.26999998    
   1.27999997    
   1.28999996    
   1.29999995    
   1.30999994    
   1.32000005    
   1.33000004    
   1.34000003    
   1.35000002    
   1.36000001    
   1.37000000    
   1.38000000    
   1.38999999    
   1.39999998    
   1.40999997    
   1.41999996    
   1.42999995    
   1.44000006    
   1.45000005    
   1.46000004    
   1.47000003    
   1.48000002    
   1.49000001    
   1.50000000    
   1.50999999    
   1.51999998    
   1.52999997    
   1.53999996    
   1.54999995    
   1.55999994    
   1.57000005    
   1.58000004    
   1.59000003    
   1.60000002    
   1.61000001    
   1.62000000    
   1.63000000    
   1.63999999    
   1.64999998    
   1.65999997    
   1.66999996    
   1.67999995    
   1.69000006    
   1.70000005    
   1.71000004    
   1.72000003    
   1.73000002    
   1.74000001    
   1.75000000    
   1.75999999    
   1.76999998    
   1.77999997    
   1.78999996    
   1.79999995    
   1.80999994    
   1.82000005    
   1.83000004    
   1.84000003    
   1.85000002    
   1.86000001    
   1.87000000    
   1.88000000    
   1.88999999    
   1.89999998    
   1.90999997    
   1.91999996    
   1.92999995    
   1.94000006    
   1.95000005    
   1.96000004    
   1.97000003    
   1.98000002    
   1.99000001    
   2.00000000    
   2.00999999    
   2.01999998    
   2.02999997    
   2.03999996    
   2.04999995    
   2.05999994    
   2.06999993    
   2.07999992    
   2.08999991    
   2.09999990    
   2.10999990    
   2.11999989    
   2.13000011    
   2.14000010    
   2.15000010    
   2.16000009    
   2.17000008    
   2.18000007    
   2.19000006    
   2.20000005    
   2.21000004    
   2.22000003    
   2.23000002    
   2.24000001    
   2.25000000    
   2.25999999    
   2.26999998    
   2.27999997    
   2.28999996    
   2.29999995    
   2.30999994    
   2.31999993    
   2.32999992    
   2.33999991    
   2.34999990    
   2.35999990    
   2.36999989    
   2.38000011    
   2.39000010    
   2.40000010    
   2.41000009    
   2.42000008    
   2.43000007    
   2.44000006    
   2.45000005    
   2.46000004    
   2.47000003    
   2.48000002    
   2.49000001    
   2.50000000    
   2.50999999    
   2.51999998    
   2.52999997    
   2.53999996    
   2.54999995    
   2.55999994    
   2.56999993    
   2.57999992    
   2.58999991    
   2.59999990    
   2.60999990    
   2.61999989    
   2.63000011    
   2.64000010    
   2.65000010    
   2.66000009    
   2.67000008    
   2.68000007    
   2.69000006    
   2.70000005    
   2.71000004    
   2.72000003    
   2.73000002    
   2.74000001    
   2.75000000    
   2.75999999    
   2.76999998    
   2.77999997    
   2.78999996    
   2.79999995    
   2.80999994    
   2.81999993    
   2.82999992    
   2.83999991    
   2.84999990    
   2.85999990    
   2.86999989    
   2.88000011    
   2.89000010    
   2.90000010    
   2.91000009    
   2.92000008    
   2.93000007    
   2.94000006    
   2.95000005    
   2.96000004    
   2.97000003    
   2.98000002    
   2.99000001    
   3.00000000    
   3.00999999    
   3.01999998    
   3.02999997    
   3.03999996    
   3.04999995    
   3.05999994    
   3.06999993    
   3.07999992    
   3.08999991    
   3.09999990    
   3.10999990    
   3.11999989    
   3.13000011    
   3.14000010    
   3.15000010    
   3.16000009    
   3.17000008    
   3.18000007    
   3.19000006    
   3.20000005    
   3.21000004    
   3.22000003    
   3.23000002    
   3.24000001    
   3.25000000    
   3.25999999    
   3.26999998    
   3.27999997    
   3.28999996    
   3.29999995    
   3.30999994    
   3.31999993    
   3.32999992    
   3.33999991    
   3.34999990    
   3.35999990    
   3.36999989    
   3.38000011    
   3.39000010    
   3.40000010    
   3.41000009    
   3.42000008    
   3.43000007    
   3.44000006    
   3.45000005    
   3.46000004    
   3.47000003    
   3.48000002    
   3.49000001    
   3.50000000    
   3.50999999    
   3.51999998    
   3.52999997    
   3.53999996    
   3.54999995    
   3.55999994    
   3.56999993    
   3.57999992    
   3.58999991    
   3.59999990    
   3.60999990    
   3.61999989    
   3.63000011    
   3.64000010    
   3.65000010    
   3.66000009    
   3.67000008    
   3.68000007    
   3.69000006    
   3.70000005    
   3.71000004    
   3.72000003    
   3.73000002    
   3.74000001    
   3.75000000    
   3.75999999    
   3.76999998    
   3.77999997    
   3.78999996    
   3.79999995    
   3.80999994    
   3.81999993    
   3.82999992    
   3.83999991    
   3.84999990    
   3.85999990    
   3.86999989    
   3.88000011    
   3.89000010    
   3.90000010    
   3.91000009    
   3.92000008    
   3.93000007    
   3.94000006    
   3.95000005    
   3.96000004    
   3.97000003    
   3.98000002    
   3.99000001    
   4.00000000    
   4.01000023    
   4.01999998    
   4.03000021    
   4.03999996    
   4.05000019    
   4.05999994    
   4.07000017    
   4.07999992    
   4.09000015    
   4.09999990    
   4.11000013    
   4.11999989    
   4.13000011    
   4.13999987    
   4.15000010    
   4.15999985    
   4.17000008    
   4.17999983    
   4.19000006    
   4.19999981    
   4.21000004    
   4.21999979    
   4.23000002    
   4.23999977    
   4.25000000    
   4.26000023    
   4.26999998    
   4.28000021    
   4.28999996    
   4.30000019    
   4.30999994    
   4.32000017    
   4.32999992    
   4.34000015    
   4.34999990    
   4.36000013    
   4.36999989    
   4.38000011    
   4.38999987    
   4.40000010    
   4.40999985    
   4.42000008    
   4.42999983    
   4.44000006    
   4.44999981    
   4.46000004    
   4.46999979    
   4.48000002    
   4.48999977    
   4.50000000    
   4.51000023    
   4.51999998    
   4.53000021    
   4.53999996    
   4.55000019    
   4.55999994    
   4.57000017    
   4.57999992    
   4.59000015    
   4.59999990    
   4.61000013    
   4.61999989    
   4.63000011    
   4.63999987    
   4.65000010    
   4.65999985    
   4.67000008    
   4.67999983    
   4.69000006    
   4.69999981    
   4.71000004    
   4.71999979    
   4.73000002    
   4.73999977    
   4.75000000    
   4.76000023    
   4.76999998    
   4.78000021    
   4.78999996    
   4.80000019    
   4.80999994    
   4.82000017    
   4.82999992    
   4.84000015    
   4.84999990    
   4.86000013    
   4.86999989    
   4.88000011    
   4.88999987    
   4.90000010    
   4.90999985    
   4.92000008    
   4.92999983    
   4.94000006    
   4.94999981    
   4.96000004    
   4.96999979    
   4.98000002    
   4.98999977    
   5.00000000    
   5.01000023    
   5.01999998    
   5.03000021    
   5.03999996    
   5.05000019    
   5.05999994    
   5.07000017    
   5.07999992    
   5.09000015    
   5.09999990    
   5.11000013    
   5.11999989    
   5.13000011    
   5.13999987    
   5.15000010    
   5.15999985    
   5.17000008    
   5.17999983    
   5.19000006    
   5.19999981    
   5.21000004    
   5.21999979    
   5.23000002    
   5.23999977    
   5.25000000    
   5.26000023    
   5.26999998    
   5.28000021    
   5.28999996    
   5.30000019    
   5.30999994    
   5.32000017    
   5.32999992    
   5.34000015    
   5.34999990    
   5.36000013    
   5.36999989    
   5.38000011    
   5.38999987    
   5.40000010    
   5.40999985    
   5.42000008    
   5.42999983    
   5.44000006    
   5.44999981    
   5.46000004    
   5.46999979    
   5.48000002    
   5.48999977    
   5.50000000    
   5.51000023    
   5.51999998    
   5.53000021    
   5.53999996    
   5.55000019    
   5.55999994    
   5.57000017    
   5.57999992    
   5.59000015    
   5.59999990    
   5.61000013    
   5.61999989    
   5.63000011    
   5.63999987    
   5.65000010    
   5.65999985    
   5.67000008    
   5.67999983    
   5.69000006    
   5.69999981    
   5.71000004    
   5.71999979    
   5.73000002    
   5.73999977    
   5.75000000    
   5.76000023    
   5.76999998    
   5.78000021    
   5.78999996    
   5.80000019    
   5.80999994    
   5.82000017    
   5.82999992    
   5.84000015    
   5.84999990    
   5.86000013    
   5.86999989    
   5.88000011    
   5.88999987    
   5.90000010    
   5.90999985    
   5.92000008    
   5.92999983    
   5.94000006    
   5.94999981    
   5.96000004    
   5.96999979    
   5.98000002    
   5.98999977    
   6.00000000    
   6.01000023    
   6.01999998    
   6.03000021    
   6.03999996    
   6.05000019    
   6.05999994    
   6.07000017    
   6.07999992    
   6.09000015    
   6.09999990    
   6.11000013    
   6.11999989    
   6.13000011    
   6.13999987    
   6.15000010    
   6.15999985    
   6.17000008    
   6.17999983    
   6.19000006    
   6.19999981    
   6.21000004    
   6.21999979    
   6.23000002    
   6.23999977    
   6.25000000    
   6.26000023    
   6.26999998    
   6.28000021    
   6.28999996    
   6.30000019    
   6.30999994    
   6.32000017    
   6.32999992    
   6.34000015    
   6.34999990    
   6.36000013    
   6.36999989    
   6.38000011    
   6.38999987    
   6.40000010    
   6.40999985    
   6.42000008    
   6.42999983    
   6.44000006    
   6.44999981    
   6.46000004    
   6.46999979    
   6.48000002    
   6.48999977    
   6.50000000    
   6.51000023    
   6.51999998    
   6.53000021    
   6.53999996    
   6.55000019    
   6.55999994    
   6.57000017    
   6.57999992    
   6.59000015    
   6.59999990    
   6.61000013    
   6.61999989    
   6.63000011    
   6.63999987    
   6.65000010    
   6.65999985    
   6.67000008    
   6.67999983    
   6.69000006    
   6.69999981    
   6.71000004    
   6.71999979    
   6.73000002    
   6.73999977    
   6.75000000    
   6.76000023    
   6.76999998    
   6.78000021    
   6.78999996    
   6.80000019    
   6.80999994    
   6.82000017    
   6.82999992    
   6.84000015    
   6.84999990    
   6.86000013    
   6.86999989    
   6.88000011    
   6.88999987    
   6.90000010    
   6.90999985    
   6.92000008    
   6.92999983    
   6.94000006    
   6.94999981    
   6.96000004    
   6.96999979    
   6.98000002    
   6.98999977    
   7.00000000    
   7.01000023    
   7.01999998    
   7.03000021    
   7.03999996    
   7.05000019    
   7.05999994    
   7.07000017    
   7.07999992    
   7.09000015    
   7.09999990    
   7.11000013    
   7.11999989    
   7.13000011    
   7.13999987    
   7.15000010    
   7.15999985    
   7.17000008    
   7.17999983    
   7.19000006    
   7.19999981    
   7.21000004    
   7.21999979    
   7.23000002    
   7.23999977    
   7.25000000    
   7.26000023    
   7.26999998    
   7.28000021    
   7.28999996    
   7.30000019    
   7.30999994    
   7.32000017    
   7.32999992    
   7.34000015    
   7.34999990    
   7.36000013    
   7.36999989    
   7.38000011    
   7.38999987    
   7.40000010    
   7.40999985    
   7.42000008    
   7.42999983    
   7.44000006    
   7.44999981    
   7.46000004    
   7.46999979    
   7.48000002    
   7.48999977    
   7.50000000    
   7.51000023    
   7.51999998    
   7.53000021    
   7.53999996    
   7.55000019    
   7.55999994    
   7.57000017    
   7.57999992    
   7.59000015    
   7.59999990    
   7.61000013    
   7.61999989    
   7.63000011    
   7.63999987    
   7.65000010    
   7.65999985    
   7.67000008    
   7.67999983    
   7.69000006    
   7.69999981    
   7.71000004    
   7.71999979    
   7.73000002    
   7.73999977    
   7.75000000    
   7.76000023    
   7.76999998    
   7.78000021    
   7.78999996    
   7.80000019    
   7.80999994    
   7.82000017    
   7.82999992    
   7.84000015    
   7.84999990    
   7.86000013    
   7.86999989    
   7.88000011    
   7.88999987    
   7.90000010    
   7.90999985    
   7.92000008    
   7.92999983    
   7.94000006    
   7.94999981    
   7.96000004    
   7.96999979    
   7.98000002    
   7.98999977    
   8.00000000    
   8.01000023    
   8.02000046    
   8.02999973    
   8.03999996    
   8.05000019    
   8.06000042    
   8.06999969    
   8.07999992    
   8.09000015    
   8.10000038    
   8.10999966    
   8.11999989    
   8.13000011    
   8.14000034    
   8.14999962    
   8.15999985    
   8.17000008    
   8.18000031    
   8.18999958    
   8.19999981    
   8.21000004    
   8.22000027    
   8.22999954    
   8.23999977    
   8.25000000    
   8.26000023    
   8.27000046    
   8.27999973    
   8.28999996    
   8.30000019    
   8.31000042    
   8.31999969    
   8.32999992    
   8.34000015    
   8.35000038    
   8.35999966    
   8.36999989    
   8.38000011    
   8.39000034    
   8.39999962    
   8.40999985    
   8.42000008    
   8.43000031    
   8.43999958    
   8.44999981    
   8.46000004    
   8.47000027    
   8.47999954    
   8.48999977    
   8.50000000    
   8.51000023    
   8.52000046    
   8.52999973    
   8.53999996    
   8.55000019    
   8.56000042    
   8.56999969    
   8.57999992    
   8.59000015    
   8.60000038    
   8.60999966    
   8.61999989    
   8.63000011    
   8.64000034    
   8.64999962    
   8.65999985    
   8.67000008    
   8.68000031    
   8.68999958    
   8.69999981    
   8.71000004    
   8.72000027    
   8.72999954    
   8.73999977    
   8.75000000    
   8.76000023    
   8.77000046    
   8.77999973    
   8.78999996    
   8.80000019    
   8.81000042    
   8.81999969    
   8.82999992    
   8.84000015    
   8.85000038    
   8.85999966    
   8.86999989    
   8.88000011    
   8.89000034    
   8.89999962    
   8.90999985    
   8.92000008    
   8.93000031    
   8.93999958    
   8.94999981    
   8.96000004    
   8.97000027    
   8.97999954    
   8.98999977    
   9.00000000    
   9.01000023    
   9.02000046    
   9.02999973    
   9.03999996    
   9.05000019    
   9.06000042    
   9.06999969    
   9.07999992    
   9.09000015    
   9.10000038    
   9.10999966    
   9.11999989    
   9.13000011    
   9.14000034    
   9.14999962    
   9.15999985    
   9.17000008    
   9.18000031    
   9.18999958    
   9.19999981    
   9.21000004    
   9.22000027    
   9.22999954    
   9.23999977    
   9.25000000    
   9.26000023    
   9.27000046    
   9.27999973    
   9.28999996    
   9.30000019    
   9.31000042    
   9.31999969    
   9.32999992    
   9.34000015    
   9.35000038    
   9.35999966    
   9.36999989    
   9.38000011    
   9.39000034    
   9.39999962    
   9.40999985    
   9.42000008    
   9.43000031    
   9.43999958    
   9.44999981    
   9.46000004    
   9.47000027    
   9.47999954    
   9.48999977    
   9.50000000    
   9.51000023    
   9.52000046    
   9.52999973    
   9.53999996    
   9.55000019    
   9.56000042    
   9.56999969    
   9.57999992    
   9.59000015    
   9.60000038    
   9.60999966    
   9.61999989    
   9.63000011    
   9.64000034    
   9.64999962    
   9.65999985    
   9.67000008    
   9.68000031    
   9.68999958    
   9.69999981    
   9.71000004    
   9.72000027    
   9.72999954    
   9.73999977    
   9.75000000    
   9.76000023    
   9.77000046    
   9.77999973    
   9.78999996    
   9.80000019    
   9.81000042    
   9.81999969    
   9.82999992    
   9.84000015    
   9.85000038    
   9.85999966    
   9.86999989    
   9.88000011    
   9.89000034    
   9.89999962    
   9.90999985    
   9.92000008    
   9.93000031    
   9.93999958    
   9.94999981    
   9.96000004    
   9.97000027    
   9.97999954    
   9.98999977    
   10.0000000    
           0
           0
           0
           0
   1.00000000    
  0.990000010    
  0.980100036    
  0.970299065    
  0.960596085    
  0.950990140    
  0.941480219    
  0.932065427    
  0.922744811    
  0.913517356    
  0.904382169    
  0.895338356    
  0.886384964    
  0.877521098    
  0.868745923    
  0.860058486    
  0.851457894    
  0.842943311    
  0.834513903    
  0.826168776    
  0.817907095    
  0.809728026    
  0.801630735    
  0.793614447    
  0.785678327    
  0.777821541    
  0.770043314    
  0.762342870    
  0.754719436    
  0.747172236    
  0.739700496    
  0.732303500    
  0.724980474    
  0.717730701    
  0.710553408    
  0.703447878    
  0.696413398    
  0.689449251    
  0.682554781    
  0.675729215    
  0.668971956    
  0.662282228    
  0.655659437    
  0.649102867    
  0.642611861    
  0.636185765    
  0.629823923    
  0.623525679    
  0.617290437    
  0.611117542    
  0.605006397    
  0.598956347    
  0.592966795    
  0.587037146    
  0.581166744    
  0.575355053    
  0.569601536    
  0.563905537    
  0.558266461    
  0.552683830    
  0.547156990    
  0.541685402    
  0.536268532    
  0.530905843    
  0.525596797    
  0.520340860    
  0.515137434    
  0.509986043    
  0.504886210    
  0.499837339    
  0.494838983    
  0.489890605    
  0.484991670    
  0.480141759    
  0.475340337    
  0.470586926    
  0.465881050    
  0.461222231    
  0.456610024    
  0.452043891    
  0.447523445    
  0.443048209    
  0.438617736    
  0.434231550    
  0.429889232    
  0.425590307    
  0.421334416    
  0.417121083    
  0.412949890    
  0.408820391    
  0.404732198    
  0.400684863    
  0.396678030    
  0.392711252    
  0.388784140    
  0.384896308    
  0.381047338    
  0.377236843    
  0.373464465    
  0.369729817    
  0.366032511    
  0.362372190    
  0.358748466    
  0.355160981    
  0.351609379    
  0.348093301    
  0.344612360    
  0.341166198    
  0.337754548    
  0.334376991    
  0.331033230    
  0.327722907    
  0.324445695    
  0.321201235    
  0.317989230    
  0.314809352    
  0.311661273    
  0.308544666    
  0.305459231    
  0.302404612    
  0.299380571    
  0.296386778    
  0.293422908    
  0.290488690    
  0.287583798    
  0.284707963    
  0.281860888    
  0.279042274    
  0.276251853    
  0.273489326    
  0.270754427    
  0.268046886    
  0.265366375    
  0.262712717    
  0.260085583    
  0.257484734    
  0.254909903    
  0.252360821    
  0.249837220    
  0.247338846    
  0.244865462    
  0.242416814    
  0.239992648    
  0.237592727    
  0.235216767    
  0.232864603    
  0.230535954    
  0.228230596    
  0.225948289    
  0.223688811    
  0.221451923    
  0.219237402    
  0.217045024    
  0.214874581    
  0.212725833    
  0.210598573    
  0.208492592    
  0.206407636    
  0.204343557    
  0.202300116    
  0.200277120    
  0.198274344    
  0.196291596    
  0.194328681    
  0.192385390    
  0.190461531    
  0.188556924    
  0.186671361    
  0.184804648    
  0.182956576    
  0.181127012    
  0.179315746    
  0.177522585    
  0.175747365    
  0.173989892    
  0.172249988    
  0.170527488    
  0.168822214    
  0.167133987    
  0.165462643    
  0.163808018    
  0.162169933    
  0.160548210    
  0.158942729    
  0.157353297    
  0.155779764    
  0.154221967    
  0.152679741    
  0.151152939    
  0.149641410    
  0.148144990    
  0.146663547    
  0.145196915    
  0.143744946    
  0.142307475    
  0.140884399    
  0.139475554    
  0.138080806    
  0.136700004    
  0.135333002    
  0.133979678    
  0.132639885    
  0.131313488    
  0.130000353    
  0.128700346    
  0.127413347    
  0.126139209    
  0.124877818    
  0.123629041    
  0.122392751    
  0.121168822    
  0.119957134    
  0.118757561    
  0.117569961    
  0.116394259    
  0.115230314    
  0.114078015    
  0.112937234    
  0.111807860    
  0.110689782    
  0.109582886    
  0.108487055    
  0.107402183    
  0.106328160    
  0.105264880    
  0.104212232    
  0.103170112    
  0.102138415    
  0.101117030    
  0.100105859    
   9.91047993E-02
   9.81137529E-02
   9.71326157E-02
   9.61612910E-02
   9.51996818E-02
   9.42476839E-02
   9.33052078E-02
   9.23721567E-02
   9.14484113E-02
   9.05339271E-02
   8.96285921E-02
   8.87323096E-02
   8.78449902E-02
   8.69665444E-02
   8.60968828E-02
   8.52359161E-02
   8.43835548E-02
   8.35397169E-02
   8.27043205E-02
   8.18772763E-02
   8.10585022E-02
   8.02479163E-02
   7.94454366E-02
   7.86509812E-02
   7.78644755E-02
   7.70858303E-02
   7.63149709E-02
   7.55518228E-02
   7.47963041E-02
   7.40483403E-02
   7.33078569E-02
   7.25747794E-02
   7.18490332E-02
   7.11305290E-02
   7.04192221E-02
   6.97150305E-02
   6.90178797E-02
   6.83277026E-02
   6.76444247E-02
   6.69679791E-02
   6.62982985E-02
   6.56353161E-02
   6.49789646E-02
   6.43291771E-02
   6.36858866E-02
   6.30490258E-02
   6.24185354E-02
   6.17943518E-02
   6.11764081E-02
   6.05646446E-02
   5.99589981E-02
   5.93594089E-02
   5.87658137E-02
   5.81781566E-02
   5.75963743E-02
   5.70204109E-02
   5.64502068E-02
   5.58857061E-02
   5.53268380E-02
   5.47735691E-02
   5.42258322E-02
   5.36835752E-02
   5.31467386E-02
   5.26152700E-02
   5.20891175E-02
   5.15682250E-02
   5.10525443E-02
   5.05420193E-02
   5.00365980E-02
   4.95362319E-02
   4.90408689E-02
   4.85504605E-02
   4.80649546E-02
   4.75843064E-02
   4.71084639E-02
   4.66373786E-02
   4.61710058E-02
   4.57092971E-02
   4.52522039E-02
   4.47996818E-02
   4.43516858E-02
   4.39081676E-02
   4.34690863E-02
   4.30343859E-02
   4.26040441E-02
   4.21780050E-02
   4.17562239E-02
   4.13386635E-02
   4.09252755E-02
   4.05160226E-02
   4.01108637E-02
   3.97097543E-02
   3.93126570E-02
   3.89195308E-02
   3.85303348E-02
   3.81450318E-02
   3.77635807E-02
   3.73859443E-02
   3.70120853E-02
   3.66419666E-02
   3.62755470E-02
   3.59127931E-02
   3.55536640E-02
   3.51981260E-02
   3.48461457E-02
   3.44976857E-02
   3.41527089E-02
   3.38111818E-02
   3.34730633E-02
   3.31383348E-02
   3.28069516E-02
   3.24788839E-02
   3.21540944E-02
   3.18325534E-02
   3.15142274E-02
   3.11990846E-02
   3.08870934E-02
   3.05782221E-02
   3.02724410E-02
   2.99697164E-02
   2.96700187E-02
   2.93733180E-02
   2.90795844E-02
   2.87887882E-02
   2.85009015E-02
   2.82158926E-02
   2.79337335E-02
   2.76543964E-02
   2.73778532E-02
   2.71040741E-02
   2.68330332E-02
   2.65647024E-02
   2.62990557E-02
   2.60360595E-02
   2.57756989E-02
   2.55179424E-02
   2.52627637E-02
   2.50101369E-02
   2.47600358E-02
   2.45124362E-02
   2.42673121E-02
   2.40246393E-02
   2.37843934E-02
   2.35465504E-02
   2.33110860E-02
   2.30779760E-02
   2.28471961E-02
   2.26187240E-02
   2.23925374E-02
   2.21686121E-02
   2.19469257E-02
   2.17274558E-02
   2.15101819E-02
   2.12950800E-02
   2.10821293E-02
   2.08713077E-02
   2.06625946E-02
   2.04559695E-02
   2.02514045E-02
   2.00488903E-02
   1.98484007E-02
   1.96499173E-02
   1.94534175E-02
   1.92588829E-02
   1.90662947E-02
   1.88756324E-02
   1.86868757E-02
   1.85000077E-02
   1.83150079E-02
   1.81318577E-02
   1.79505385E-02
   1.77710298E-02
   1.75933242E-02
   1.74173862E-02
   1.72432158E-02
   1.70707796E-02
   1.69000756E-02
   1.67310704E-02
   1.65637638E-02
   1.63981225E-02
   1.62341446E-02
   1.60718001E-02
   1.59110855E-02
   1.57519709E-02
   1.55944554E-02
   1.54385073E-02
   1.52841257E-02
   1.51312808E-02
   1.49799716E-02
   1.48301683E-02
   1.46818701E-02
   1.45350480E-02
   1.43897012E-02
   1.42458007E-02
   1.41033465E-02
   1.39623098E-02
   1.38226831E-02
   1.36844600E-02
   1.35476124E-02
   1.34121394E-02
   1.32780150E-02
   1.31452382E-02
   1.30137829E-02
   1.28836483E-02
   1.27548091E-02
   1.26272645E-02
   1.25009893E-02
   1.23759825E-02
   1.22522200E-02
   1.21297007E-02
   1.20084006E-02
   1.18883196E-02
   1.17694335E-02
   1.16517423E-02
   1.15352226E-02
   1.14198737E-02
   1.13056721E-02
   1.11926179E-02
   1.10806888E-02
   1.09698847E-02
   1.08601833E-02
   1.07515790E-02
   1.06440661E-02
   1.05376234E-02
   1.04322499E-02
   1.03279250E-02
   1.02246478E-02
   1.01223988E-02
   1.00211771E-02
   9.92096309E-03
   9.82175581E-03
   9.72353574E-03
   9.62630287E-03
   9.53003764E-03
   9.43474006E-03
   9.34039056E-03
   9.24698915E-03
   9.15451720E-03
   9.06297471E-03
   8.97234306E-03
   8.88262223E-03
   8.79379362E-03
   8.70585814E-03
   8.61879718E-03
   8.53261165E-03
   8.44728388E-03
   8.36280920E-03
   8.27918295E-03
   8.19638930E-03
   8.11442733E-03
   8.03328119E-03
   7.95294996E-03
   7.87341874E-03
   7.79468659E-03
   7.71673815E-03
   7.63957249E-03
   7.56317517E-03
   7.48754526E-03
   7.41266832E-03
   7.33854342E-03
   7.26515613E-03
   7.19250645E-03
   7.12057995E-03
   7.04937615E-03
   6.97888061E-03
   6.90909335E-03
   6.84000086E-03
   6.77160267E-03
   6.70388527E-03
   6.63684821E-03
   6.57047844E-03
   6.50477223E-03
   6.43972633E-03
   6.37532771E-03
   6.31157588E-03
   6.24845875E-03
   6.18597586E-03
   6.12411462E-03
   6.06287504E-03
   6.00224501E-03
   5.94222406E-03
   5.88280056E-03
   5.82397403E-03
   5.76573284E-03
   5.70807699E-03
   5.65099483E-03
   5.59448637E-03
   5.53854043E-03
   5.48315654E-03
   5.42832352E-03
   5.37404185E-03
   5.32030035E-03
   5.26709855E-03
   5.21442620E-03
   5.16228331E-03
   5.11065917E-03
   5.05955145E-03
   5.00895735E-03
   4.95886663E-03
   4.90927929E-03
   4.86018555E-03
   4.81158495E-03
   4.76346817E-03
   4.71583474E-03
   4.66867536E-03
   4.62198956E-03
   4.57576849E-03
   4.53001214E-03
   4.48471121E-03
   4.43986524E-03
   4.39546537E-03
   4.35151160E-03
   4.30799555E-03
   4.26491676E-03
   4.22226684E-03
   4.18004533E-03
   4.13824385E-03
   4.09686239E-03
   4.05589305E-03
   4.01533535E-03
   3.97518091E-03
   3.93542834E-03
   3.89607507E-03
   3.85711342E-03
   3.81854316E-03
   3.78035684E-03
   3.74255423E-03
   3.70512786E-03
   3.66807752E-03
   3.63139599E-03
   3.59508302E-03
   3.55913141E-03
   3.52354092E-03
   3.48830479E-03
   3.45342257E-03
   3.41888750E-03
   3.38469958E-03
   3.35085182E-03
   3.31734424E-03
   3.28417006E-03
   3.25132906E-03
   3.21881496E-03
   3.18662752E-03
   3.15476046E-03
   3.12321354E-03
   3.09198070E-03
   3.06106010E-03
   3.03045032E-03
   3.00014508E-03
   2.97014439E-03
   2.94044218E-03
   2.91103846E-03
   2.88192742E-03
   2.85310880E-03
   2.82457704E-03
   2.79633189E-03
   2.76836799E-03
   2.74068490E-03
   2.71327747E-03
   2.68614548E-03
   2.65928335E-03
   2.63269106E-03
   2.60636350E-03
   2.58030044E-03
   2.55449675E-03
   2.52895243E-03
   2.50366237E-03
   2.47862632E-03
   2.45383941E-03
   2.42930162E-03
   2.40500807E-03
   2.38095736E-03
   2.35714833E-03
   2.33357633E-03
   2.31024111E-03
   2.28713825E-03
   2.26426753E-03
   2.24162429E-03
   2.21920852E-03
   2.19701603E-03
   2.17504636E-03
   2.15329533E-03
   2.13176291E-03
   2.11044471E-03
   2.08934071E-03
   2.06844672E-03
   2.04776274E-03
   2.02728459E-03
   2.00701226E-03
   1.98694179E-03
   1.96707295E-03
   1.94740179E-03
   1.92792830E-03
   1.90864853E-03
   1.88956247E-03
   1.87066640E-03
   1.85195927E-03
   1.83344015E-03
   1.81510532E-03
   1.79695478E-03
   1.77898479E-03
   1.76119537E-03
   1.74358301E-03
   1.72614760E-03
   1.70888577E-03
   1.69179728E-03
   1.67487888E-03
   1.65813055E-03
   1.64154882E-03
   1.62513379E-03
   1.60888210E-03
   1.59279373E-03
   1.57686544E-03
   1.56109722E-03
   1.54548592E-03
   1.53003144E-03
   1.51473074E-03
   1.49958383E-03
   1.48458767E-03
   1.46974216E-03
   1.45504437E-03
   1.44049362E-03
   1.42608909E-03
   1.41182786E-03
   1.39770994E-03
   1.38373254E-03
   1.36989553E-03
   1.35619624E-03
   1.34263467E-03
   1.32920803E-03
   1.31591631E-03
   1.30275683E-03
   1.28972961E-03
   1.27683207E-03
   1.26406411E-03
   1.25142315E-03
   1.23890920E-03
   1.22651982E-03
   1.21425488E-03
   1.20211206E-03
   1.19009125E-03
   1.17819011E-03
   1.16640853E-03
   1.15474418E-03
   1.14319706E-03
   1.13176485E-03
   1.12044695E-03
   1.10924279E-03
   1.09815015E-03
   1.08716893E-03
   1.07629702E-03
   1.06553431E-03
   1.05487870E-03
   1.04433019E-03
   1.03388669E-03
   1.02354807E-03
   1.01331237E-03
   1.00317947E-03
   9.93147492E-04
   9.83216218E-04
   9.73383838E-04
   9.63650236E-04
   9.54013492E-04
   9.44473606E-04
   9.35028656E-04
   9.25678585E-04
   9.16421588E-04
   9.07257607E-04
   8.98184837E-04
   8.89203220E-04
   8.80311010E-04
   8.71507684E-04
   8.62792833E-04
   8.54164711E-04
   8.45623261E-04
   8.37166852E-04
   8.28795368E-04
   8.20507237E-04
   8.12302344E-04
   8.04179115E-04
   7.96137552E-04
   7.88175967E-04
   7.80294416E-04
   7.72491272E-04
   7.64766533E-04
   7.57118687E-04
   7.49547675E-04
   7.42052041E-04
   7.34631729E-04
   7.27285224E-04
   7.20012526E-04
   7.12812238E-04
   7.05684302E-04
   6.98627322E-04
   6.91641239E-04
   6.84724655E-04
   6.77877280E-04
   6.71098649E-04
   6.64387480E-04
   6.57743774E-04
   6.51166192E-04
   6.44654676E-04
   6.38208003E-04
   6.31826057E-04
   6.25507673E-04
   6.19252736E-04
   6.13060081E-04
   6.06929651E-04
   6.00860221E-04
   5.94851794E-04
   5.88903145E-04
   5.83014276E-04
   5.77184022E-04
   5.71412325E-04
   5.65698079E-04
   5.60041226E-04
   5.54440659E-04
   5.48896380E-04
   5.43407281E-04
   5.37973363E-04
   5.32593520E-04
   5.27267461E-04
   5.21994894E-04
   5.16774831E-04
   5.11607213E-04
   5.06491051E-04
   5.01426286E-04
   4.96411929E-04
   4.91447921E-04
   4.86533332E-04
   4.81668132E-04
   4.76851332E-04
   4.72082931E-04
   4.67361999E-04
   4.62688506E-04
   4.58061520E-04
   4.53481014E-04
   4.48946113E-04
   4.44456760E-04
   4.40012082E-04
   4.35612077E-04
   4.31255845E-04
   4.26943385E-04
   4.22673853E-04
   4.18447220E-04
   4.14262642E-04
   4.10119916E-04
   4.06018808E-04
   4.01958532E-04
   3.97939060E-04
   3.93959577E-04
   3.90020083E-04
   3.86119791E-04
   3.82258702E-04
   3.78436031E-04
   3.74651776E-04
   3.70905182E-04
   3.67196219E-04
   3.63524159E-04
   3.59889003E-04
   3.56290024E-04
   3.52727220E-04
   3.49199865E-04
   3.45707958E-04
   3.42250802E-04
   3.38828366E-04
   3.35440011E-04
   3.32085707E-04
   3.28764785E-04
   3.25477216E-04
   3.22222360E-04
   3.19000072E-04
   3.15810001E-04
   3.12652119E-04
   3.09525523E-04
   3.06430185E-04
   3.03365814E-04
   3.00332380E-04
   2.97328981E-04
   2.94355617E-04
   2.91411998E-04
   2.88498093E-04
   2.85613060E-04
   2.82756868E-04
   2.79929227E-04
   2.77130137E-04
   2.74358783E-04
   2.71615136E-04
   2.68898933E-04
   2.66210147E-04
   2.63547990E-04
   2.60912464E-04
   2.58303276E-04
   2.55720428E-04
   2.53163162E-04
   2.50631478E-04
   2.48125114E-04
   2.45643809E-04
   2.43187547E-04
   2.40755617E-04
   2.38348002E-04
   2.35964471E-04
   2.33604995E-04
   2.31268888E-04
   2.28956153E-04
   2.26666540E-04
   2.24400035E-04
   2.22155984E-04
   2.19934373E-04
   2.17734982E-04
   2.15557797E-04
   2.13402163E-04
   2.11268096E-04
   2.09155362E-04
   2.07063960E-04
   2.04993266E-04
   2.02943280E-04
   2.00913797E-04
   1.98904803E-04
   1.96915717E-04
   1.94946508E-04
   1.92997002E-04
   1.91066982E-04
   1.89156446E-04
   1.87264843E-04
   1.85392157E-04
   1.83538199E-04
   1.81702955E-04
   1.79885887E-04
   1.78086993E-04
   1.76306086E-04
   1.74543151E-04
   1.72797678E-04
   1.71069667E-04
   1.69358929E-04
   1.67665465E-04
   1.65988778E-04
   1.64328856E-04
   1.62685523E-04
   1.61058779E-04
   1.59448158E-04
   1.57853647E-04
   1.56275069E-04
   1.54712427E-04
   1.53165267E-04
   1.51633576E-04
   1.50117208E-04
   1.48616004E-04
   1.47129947E-04
   1.45658618E-04
   1.44202000E-04
   1.42759949E-04
   1.41332450E-04
   1.39919095E-04
   1.38519870E-04
   1.37134644E-04
   1.35763403E-04
   1.34405738E-04
   1.33061651E-04
   1.31731009E-04
   1.30413799E-04
   1.29109627E-04
   1.27818508E-04
   1.26540297E-04
   1.25274979E-04
   1.24022205E-04
   1.22781959E-04
   1.21554112E-04
   1.20338656E-04
   1.19135242E-04
   1.17943862E-04
   1.16764393E-04
   1.15596726E-04
   1.14440845E-04
   1.13296410E-04
   1.12163420E-04
   1.11041758E-04
   1.09931418E-04
   1.08832079E-04
   1.07743734E-04
   1.06666273E-04
   1.05599691E-04
   1.04543673E-04
   1.03498212E-04
   1.02463207E-04
   1.01438651E-04
   1.00424244E-04
   9.94199800E-05
   9.84257567E-05
   9.74415670E-05
   9.64671272E-05
   9.55024370E-05
   9.45473876E-05
   9.36019787E-05
   9.26659341E-05
   9.17392535E-05
   9.08218426E-05
   8.99136066E-05
   8.90145384E-05
   8.81243759E-05
   8.72431119E-05
   8.63706591E-05
   8.55070175E-05
   8.46519251E-05
   8.38053893E-05
   8.29673154E-05
   8.21377034E-05
   8.13163060E-05
   8.05031232E-05
   7.96980748E-05
   7.89011538E-05
   7.81121271E-05
   7.73309876E-05
   7.65576624E-05
   7.57921443E-05
   7.50342078E-05
   7.42838456E-05
   7.35409922E-05
   7.28056330E-05
   7.20775570E-05
   7.13567642E-05
   7.06431820E-05
   6.99367374E-05
   6.92374233E-05
   6.85450359E-05
   6.78595679E-05
   6.71809539E-05
   6.65091939E-05
   6.58440840E-05
   6.51856317E-05
   6.45337568E-05
   6.38884667E-05
   6.32495648E-05
   6.26170513E-05
   6.19908678E-05
   6.13710072E-05
   6.07572838E-05
   6.01496977E-05
   5.95481870E-05
   5.89527481E-05
   5.83632063E-05
   5.77795618E-05
   5.72017525E-05
   5.66297749E-05
   5.60634653E-05
   5.55028164E-05
   5.49477772E-05
   5.43982860E-05
   5.38543427E-05
   5.33157872E-05
   5.27826160E-05
   5.22547780E-05
   5.17322696E-05
   5.12149345E-05
   5.07027726E-05
   5.01957329E-05
   4.96938119E-05
   4.91968640E-05
   4.87048856E-05
   4.82178257E-05
   4.77356807E-05
   4.72583124E-05
   4.67857171E-05
   4.63178476E-05
   4.58547038E-05
   4.53961475E-05
   4.49421750E-05
   4.44927427E-05
   4.40478470E-05
   4.36073569E-05
   4.31712724E-05
